0.325 2.4 -1.4 0.455 0 -2 -2 -3
0.319 2.4 -1.4 0.4466 -2 0 -3 -2
0.317 2.0 -1.4 0.4438 -3 -2 -2 -1
0.314 1.9 -0.4 0.1256 -2 -3 -1 1
0.318 2.1 1.1 0.0 -1 -2 1 2
0.318 1.9 0.8 0.0 1 -1 2 4
0.317 2.5 1.9 0.0 2 1 4 8
0.323 3.2 1.0 0.0 4 2 8 8
0.326 2.3 0.2 0.0 8 4 8 4
0.322 3.9 -3.5 1.127 8 8 4 -1
0.327 3.7 -2.8 0.9156 4 8 -1 -4
0.336 4.7 -1.4 0.4704 -1 4 -4 -2
0.335 5.1 0.6 0.0 -4 -1 -2 6
0.344 4.0 2.2 0.0 -2 -4 6 18
0.352 7.8 -4.8 1.6896 6 -2 18 4
0.371 13.1 -5.1 1.8921 18 6 4 2
0.379 12.9 -6.9 2.6151 4 18 2 -9
0.384 15.5 -7.3 2.8032 2 4 -9 -26
0.419 23.3 4.1 0.0 -9 2 -26 -24
0.419 23.9 12.1 0.0 -26 -9 -24 -10
0.413 21.9 12.9 0.0 -24 -26 -10 4
0.401 15.9 10.5 0.0 -10 -24 4 0
0.429 18.7 8.8 0.0 4 -10 0 -4
0.441 21.3 -12.7 5.6007 0 4 -4 -22
0.436 17.0 -14.3 6.2348 -4 0 -22 -57
0.453 12.1 -9.8 4.4394 -22 -4 -57 -75
0.461 13.7 -7.9 3.6419 -57 -22 -75 -77
0.453 11.8 -9.4 4.2582 -75 -57 -77 -66
0.43 8.3 -5.2 2.236 -77 -75 -66 -66
0.463 7.0 -1.5 0.6945 -66 -77 -66 -61
0.504 7.0 -5.6 2.8224 -66 -66 -61 -63
0.497 8.9 -5.9 2.9323 -61 -66 -63 -75
0.475 8.4 -6.6 3.135 -63 -61 -75 -83
0.459 6.9 -6.3 2.8917 -75 -63 -83 -93
0.443 7.7 -6.9 3.0567 -83 -75 -93 -85
0.441 7.0 -5.2 2.2932 -93 -83 -85 -69
0.458 6.0 -0.8 0.3664 -85 -93 -69 -63
0.488 5.0 -2.6 1.2688 -69 -85 -63 -56
0.474 5.3 -4.6 2.1804 -63 -69 -56 -59
0.479 6.0 -5.2 2.4908 -56 -63 -59 -67
0.476 6.6 -6.3 2.9988 -59 -56 -67 -66
0.47 7.9 -7.2 3.384 -67 -59 -66 -62
0.472 8.2 -7.0 3.304 -66 -67 -62 -61
0.479 6.1 -3.9 1.8681 -62 -66 -61 -64
0.463 5.1 -3.0 1.389 -61 -62 -64 -55
0.458 3.7 -2.6 1.1908 -64 -61 -55 -47
0.453 4.8 -1.7 0.7701 -55 -64 -47 -33
0.47 3.0 -1.0 0.47 -47 -55 -33 -38
